SageConv:
total training time = 17.9614 minutes.
epoch:  [0, 1, 2, 3, 4, 5, 6, 7, 8, 9, 10, 11, 12, 13, 14, 15, 16, 17, 18, 19]
epoch-based average training loss:  [0.904358094478348, 0.3457328249509666, 0.3155287866068576, 0.29465352122974187, 0.2671281971545708, 0.25590110005322114, 0.2470595714329295, 0.24436393913151108, 0.237217791072421, 0.2266768204802926, 0.21931693427234347, 0.21862889492145615, 0.21167724766938337, 0.2083442247557369, 0.20338503705693436, 0.20005060382421297, 0.19543830947443142, 0.19641939731551972, 0.19431591771852488, 0.19407134107803448]
average testing loss: 0.6835
score max: 0.9608566234419883, score mean: 0.9923062456741054


GCNConv:
total training time = 19.7062 minutes.
epoch:  [0, 1, 2, 3, 4, 5, 6, 7, 8, 9, 10, 11, 12, 13, 14, 15, 16, 17, 18, 19]
epoch-based average training loss:  [1.0736115228779186, 0.35942726861661045, 0.33964452275126733, 0.3276430542771159, 0.30351647299698564, 0.28512567742286427, 0.2723973096180482, 0.2653560421696622, 0.255148590056731, 0.24743341195725302, 0.24034926927100198, 0.23449043046459908, 0.23400485872511748, 0.22562883168780798, 0.21872233404277291, 0.21548124612990116, 0.2142546251853401, 0.21147045728419858, 0.20948901489790725, 0.2117060496968397]
average testing loss: 0.6201
score max: 0.9717964480487462, score mean: 1.0040181484900819


SGConv:
total training time = 19.5420 minutes.
epoch:  [0, 1, 2, 3, 4, 5, 6, 7, 8, 9, 10, 11, 12, 13, 14, 15, 16, 17, 18, 19]
epoch-based average training loss:  [0.7831486701592738, 0.3146130747129505, 0.2966125241782073, 0.27955261767997014, 0.2656895040157927, 0.252081238016725, 0.24374105777442365, 0.23738642333220267, 0.2313348363722316, 0.22585709563130701, 0.22135731900275768, 0.21889448890886334, 0.21333073326111635, 0.21072654739311977, 0.20564305417684692, 0.20445961285932918, 0.20201700883469711, 0.20028620628678556, 0.19810216511257306, 0.1988464770571897]
average testing loss: 0.6387
score max: 0.9695808625679669, score mean: 1.0033740922936956


ResGatedGraphConv:
total training time = 23.2862 minutes.
epoch:  [0, 1, 2, 3, 4, 5, 6, 7, 8, 9, 10, 11, 12, 13, 14, 15, 16, 17, 18, 19]
epoch-based average training loss:  [1.1003893683358628, 0.3245218053814445, 0.2929529038523476, 0.28604425837088915, 0.2668731967503566, 0.25523317037523835, 0.24659723406044198, 0.2368264616298869, 0.22888659299438552, 0.2253567308961874, 0.22123004611921532, 0.21724038631804543, 0.21148607565912572, 0.20623331385953222, 0.20595807812788716, 0.20105651570718952, 0.20146983190739642, 0.2008460847123215, 0.19758976222134841, 0.1973633864396711]
average testing loss: 0.6124
score max: 0.9555299535257928, score mean: 0.9884915477068346


TAGConv:
total training time = 27.8013 minutes.
epoch:  [0, 1, 2, 3, 4, 5, 6, 7, 8, 9, 10, 11, 12, 13, 14, 15, 16, 17, 18, 19]
epoch-based average training loss:  [1.002858880118063, 0.32008752587841416, 0.30194059945969215, 0.29042681065140225, 0.26730587695349894, 0.25416165002345037, 0.2449830314113497, 0.23631185006480296, 0.23041294007872867, 0.22385495263798644, 0.22066917073700684, 0.2160119627443181, 0.21226346479357855, 0.21080396610636307, 0.2059105628856534, 0.2046809059476069, 0.19953034148783336, 0.19997792873606784, 0.19841235769325488, 0.19972524470250802]
average testing loss: 0.7111
score max: 0.9607912553332362, score mean: 0.988194704724263


ChebConv:
total training time = 29.3060 minutes.
epoch:  [0, 1, 2, 3, 4, 5, 6, 7, 8, 9, 10, 11, 12, 13, 14, 15, 16, 17, 18, 19]
epoch-based average training loss:  [1.9893287452207615, 1.9921518354958068, 1.992316360947056, 1.994662208896653, 1.994840266195743, 1.9914835531438768, 1.9884394958992464, 1.966416771886624, 1.9442062232872404, 1.9473265999643288, 1.9354942477867594, 1.7995330524498871, 1.7421998782841956, 1.7187160360396043, 1.8133580170520907, 1.8037942008402954, 1.8357358757679882, 1.8207152503700677, 1.8185137395708997, 1.8248995396477117]
average testing loss: 17358838556235351539972709548032.0000
score max: 0.9607912553332362, score mean: 0.988194704724263


GenConv:
total training time = 26.9831 minutes.
epoch:  [0, 1, 2, 3, 4, 5, 6, 7, 8, 9, 10, 11, 12, 13, 14, 15, 16, 17, 18, 19]
epoch-based average training loss:  [0.6128379283883989, 0.30927906485437895, 0.29225896535696416, 0.278724598918302, 0.2653065884742285, 0.24912386682007856, 0.23803309967112005, 0.22898422750432476, 0.22258305370437012, 0.21459124216263048, 0.2091300671056884, 0.2018244332714826, 0.20059463603790398, 0.19584811379244613, 0.19057763682875406, 0.1923479689323495, 0.18957095873817986, 0.185289899843273, 0.18527329911785043, 0.1852031033092979]
average testing loss: 0.6445
score max: 0.926814423528885, score mean: 0.9546927583032557


LeConv:
total training time = 18.5968 minutes.
epoch:  [0, 1, 2, 3, 4, 5, 6, 7, 8, 9, 10, 11, 12, 13, 14, 15, 16, 17, 18, 19]
epoch-based average training loss:  [1.4731748674331107, 0.37139396981089356, 0.3102564017979579, 0.2900859920739805, 0.2700376102588594, 0.25518721372413095, 0.24417279838100023, 0.23581888986646055, 0.22644336042929958, 0.22243860801962465, 0.21788079481725095, 0.20987270858248425, 0.20779981290660393, 0.20300134560417102, 0.19988089596928027, 0.19801581246901698, 0.19496811477204448, 0.19267301534949027, 0.1925169830531062, 0.19178819845344583]
average testing loss: 0.6105
score max: 0.9609398362056318, score mean: 0.989840294444929


GatConv:
total training time = 26.4038 minutes.
epoch:  [0, 1, 2, 3, 4, 5, 6, 7, 8, 9, 10, 11, 12, 13, 14, 15, 16, 17, 18, 19]
epoch-based average training loss:  [1.0656960360675836, 0.3319068381555162, 0.2988110260194878, 0.29043004940363276, 0.26845792835367227, 0.2582860885782275, 0.24589378214929006, 0.2390927232490821, 0.23311323297442826, 0.23009746548607796, 0.22124433534470758, 0.21798905327196405, 0.21505249960537734, 0.2103160463622139, 0.20864641124429598, 0.207634019763952, 0.20161918762500008, 0.20201158150263818, 0.199690127881527, 0.19759543889952913]
average testing loss: 0.6634
score max: 0.9498898289422836, score mean: 0.9843123726550289


Gatv2Conv:
total training time = 27.7254 minutes.
epoch:  [0, 1, 2, 3, 4, 5, 6, 7, 8, 9, 10, 11, 12, 13, 14, 15, 16, 17, 18, 19]
epoch-based average training loss:  [1.1880563919578138, 0.3655289773796492, 0.33845251065700593, 0.32969094652200975, 0.30273987207007735, 0.28594130848547944, 0.26840472255607833, 0.2581498246671941, 0.2484025317899208, 0.2404056503298797, 0.23518203819171574, 0.23128705921571133, 0.22056059763910546, 0.21871603593993055, 0.21567915406069618, 0.21235240008117576, 0.20647279449261727, 0.2051637854267148, 0.20478810699862804, 0.2051942589751336]
average testing loss: 0.6165
score max: 0.95612387853646, score mean: 0.9927522853121351


GraphConv:
total training time = 16.8544 minutes.
epoch:  [0, 1, 2, 3, 4, 5, 6, 7, 8, 9, 10, 11, 12, 13, 14, 15, 16, 17, 18, 19]
epoch-based average training loss:  [0.916048928055789, 0.31570515394821586, 0.2954628084900266, 0.2856723621854176, 0.26690062541159987, 0.25279232917315503, 0.2455897117218756, 0.23577057546124391, 0.2298079168081106, 0.22650601580142934, 0.21911387603456228, 0.213751383119012, 0.21391105398311094, 0.2078559344494446, 0.20685947048488432, 0.20632644870280462, 0.2024144461333757, 0.19936468082239187, 0.19827370450062454, 0.19991377020134993]
average testing loss: 0.7599
score max: 0.9600919089407873, score mean: 0.988273950716931


ClusterGCNConv:
total training time = 21.7412 minutes.
epoch:  [0, 1, 2, 3, 4, 5, 6, 7, 8, 9, 10, 11, 12, 13, 14, 15, 16, 17, 18, 19]
epoch-based average training loss:  [1.690203336219374, 0.4318193928547397, 0.37948116358045936, 0.3404039168032335, 0.316862616013053, 0.2975539540017817, 0.2836052124470245, 0.2752008470045956, 0.26597936856451926, 0.2570135231480723, 0.250090736901754, 0.24215741491599055, 0.2367839325463439, 0.23491975325124656, 0.229917061287175, 0.226517444799732, 0.22137528938721074, 0.2203895807761179, 0.2176432212365096, 0.21888665809629024]
average testing loss: 0.6204
score max: 0.9606882425363211, score mean: 0.9963279381199871


ARMAConv:
total training time = 23.2890 minutes.
epoch:  [0, 1, 2, 3, 4, 5, 6, 7, 8, 9, 10, 11, 12, 13, 14, 15, 16, 17, 18, 19]
epoch-based average training loss:  [0.999649152689871, 0.34717771138706816, 0.30926310744418467, 0.2937086638212295, 0.2733071027773849, 0.2586195919005943, 0.25154893758778035, 0.23817775572661065, 0.22949267132183282, 0.22175457459500225, 0.21489189050148438, 0.20809628084792325, 0.2041479031626154, 0.19741675160011385, 0.19565206536560542, 0.18996853269356043, 0.18694983375684357, 0.18444337458026763, 0.18348515706748894, 0.1806831727875992]
average testing loss: 0.6085
score max: 0.9688315946629801, score mean: 0.9978452252349684


MFConv:
total training time = 63.0088 minutes.
epoch:  [0, 1, 2, 3, 4, 5, 6, 7, 8, 9, 10, 11, 12, 13, 14, 15, 16, 17, 18, 19]
epoch-based average training loss:  [1.015277241962218, 0.3536448036874342, 0.2983467958000175, 0.2852185547227367, 0.26367725851405777, 0.2506455346802633, 0.24184492376031355, 0.23202288683814143, 0.22440668508055803, 0.21714551799634874, 0.208612085294199, 0.20549932708756574, 0.20030541224840734, 0.19317404838857358, 0.18644554478018943, 0.1856038042897661, 0.18464591622068424, 0.1796421424881665, 0.1816303296676005, 0.17976664224479502]
average testing loss: 0.6794
score max: 0.9604900001328102, score mean: 0.9984838209405341


FeaStConv:
total training time = 25.6042 minutes.
epoch:  [0, 1, 2, 3, 4, 5, 6, 7, 8, 9, 10, 11, 12, 13, 14, 15, 16, 17, 18, 19]
epoch-based average training loss:  [0.7639232962388193, 0.31651209270269043, 0.2900427138984411, 0.2867300237655734, 0.269099036433187, 0.2552343307488433, 0.24326401562574337, 0.23213735412588327, 0.22929995376642817, 0.22191117912520134, 0.2209139460967591, 0.21389127943327432, 0.2090938514568183, 0.20144673660697693, 0.20223352769273925, 0.19766607008658102, 0.19292440721792078, 0.1889196377335908, 0.1902951576495287, 0.18953893385109105]
average testing loss: 0.7096
score max: 0.951615955576678, score mean: 0.9875872931717425


MLP:
total training time = 12.9108 minutes.
epoch:  [0, 1, 2, 3, 4, 5, 6, 7, 8, 9, 10, 11, 12, 13, 14, 15, 16, 17, 18, 19]
epoch-based average training loss:  [0.7975168742740618, 0.31762117833751624, 0.29984095229534474, 0.28283651010953065, 0.2664602971044404, 0.25404665706541213, 0.24861347380078405, 0.239073861727139, 0.2326770954698332, 0.22532002076242014, 0.22121584228690036, 0.21631224488926457, 0.20969187874473563, 0.2038227372950755, 0.2038723504005033, 0.19790149714346184, 0.19740865540656952, 0.19343085494145287, 0.1941534841914734, 0.19139179147787772]
average testing loss: 0.6350
score max: 0.9601966709581186, score mean: 0.9908889332718679